120 120

261380934691213583079991996031374756146039935311962124175735076429295122504176630129414721236288776298118322024435347134
136989492399312209614133077237600097142145140259843069242314183301342419614714764777395520702942881530412911581832932842
412260607009159987389417087687941514351426718110287980054319305856373645966010707207802796239018957931803660149780215167
249880201860285762768940061419633026834594835717762448971874257544330355146651045568874471988654955570255013027239643452
364495284545187319512037754081407469861954932635434182761755786992453291388523370958575511481332227202418356496990928938
831331707172115060226215074122221328597778119496173548456806625032056158286945802580316332338561405212344603936163953790
754091612581766499991641291422141407385222639946709005198734386227399666398744221619022349630141612013515584946548713210
616728614455634488189390681172354361795647882601808850542085033045969677533620553999791961023654455539807289841137386553
976632300925703070777178870530834560364603455056773976998055953944311495193703948145890612406907569469848198825080457939
244104592470044098110513889984677437232551617330438088575812906606727772541599964785090790972866953568970917878250979432
274270982501174760896197881133391364744443716852289299757473151887752096518582277280637678823188741098488836337374131687
764768945696849249125484984631191536885395340093103486180848533729715812999695869720240419897211006020537498385841889139
417794185508225224065951049619541447416697102513240501923107849553734929384749033106823105664262540326555100541323924769
572915544436766184888812389440535529237001337904511650899763666195716479577194783700015679822163192982799566779381684386
335317250352568124660290741056143713879687636312670542191024360329241837781793308372905482056386361675473467768044541561
545895480908536807669222995722629796701544134404956328846458918541763063235697093873615492140346089940816366924092006695
798001855398801114891539332350595434425650899074420130111926529870679701539096471281529357978162932928952801942454872817
702262270284230841213172243071986080903136494447804617303106124031503967434045324244117177008027989289985131469488138431
767045635641954564573647627167582307092298104635454846125235381737558474880845458640822244859127995516814751328821578936
004079467623842851582746740339287960015915994348938913148094214766848821570216557461335887363413975483206519868983768517
693344496475163776538695689419801328653660429460946982234222572292175631872982697375875256074194064969734381180108977074
872130485559801074545179873611842650777878805294442598417141656752600798835904933854936089947500634290830693041403160279
712161856601834878121760193117700320080508523379723681767651624034577309312984619265821633302204907878251739715915746912
029834027919168043759551439345055382815179424135612858372162938319710359831068629878713570110797599085740131270424582329
427117382452646038262869964684235039383389289916536027138155753811086149710692741120321265492575561570013342823103805567
482335208597473456083498144288488986534684604478592046134314574188980523872986320405173214609993995562309803343233784134
272505896880718991642478487207510928317769114161722415637050523019727226744404065825780935594637407190356321829664306391
405128399941512338679661655032316675640222077075316892438951233223687200987899571635350045271747734231670236857169987394
707249926987774515014670394563226330247007179642580500396365658197671896129132434744746245312592077282668409358230770057
252649651947784793911914168589865326086136593876205559461951778499250264930332137281868213266914498837637439973795255273
052878499183596040088049847720371816039075321906034102247292684772197294864404480312577795360877660260684730342033092729
095612072700674612358752318954257621723457429386391145245501671830790582094926213200882924997429291201413199943624990564
680767094973229292448400608682259165045634157110438049421107895465780816347003487288271082391477990214801217010850892319
050637953738015944919910046427756770735809776999790460220105720600994912909882392410234152334382970649645961964035464450
616798944953067787426604136404385799769134422124861658676472290404766999999187581092395989868733881622722154047806148194
258851538938659788884490347362955187355715699751152134529980361870960369774889012128263739660953617217081924379229231261
999413901939444534594755019686234495902329996907067594147686107243294747404635717895956926417216725857345327923747892894
160400063336223430560419652515468314232813045448082840907750842400460371488208509646937593542136156203614847065126831477
249386262424164242927826426450596119131603789788540626962273803919923678568824535728118243848596800612740718806895879905
119593467492929855973138671447555970299143513629451324042769341128607901977711848651080023137576591917078650532313664769
024541726690694251829459642898766756074442034312279261049617760637477133191731953530193315342326217630860091838521777541
240652889132547441514072062224978739556130359755710628842852049543566772126521540752872942483138730947915831629180254776
634726302682568077074620658449388458532551025689013990123056773631762860212002094573949730817616460774931832897029947064
241454637707733307472583289708088890515860705423536971704368749343481600526981580710158926222092814031758988475093421380
269293540312263605671219233582792731762296850555326515975052774922778858646873868239806257386183075156843202270546895638
444755386760098338024381295671553761424642293419816638698176613823604803773416244289803430587377994745984505258518511826
108419383291585064043479196396727508237959417640739987569679135041281484948577579742882670300461567200105934434366056660
868649426633360956742029915435882512794046425989005229644643156402482398927155050581850919875043707201998463700092015698
709200301653377816083014445873105943894032831053575448306370300118289609775909076894309789843742642386157678990511164813
499434335214844010851812937960126105010296447825604025446646174335283521030234795930491265952582515825274640809821243387
756405382489266332200196847733817772609370945559174741679170073539162980931229900384295968219711828451585143322318142567
205380130882228375091990541726653780078725388241784139360911176367110283097680114402693371692474967128512135774671394000
007440258696807907240123259169048254555950776865430507683844454169879868216207960986930378698606945059534747750213418425
907775884881993642714416380148905335978991353744032772511933035882659116329454667524620308575153096598571183834551102957
501741138509425043407159342420964512297287620094405106361241946068277263785061153424071146095333951775317293489096296951
521609171945089637827833689669171775852027336079899922005273796301602984826123794401258815012989238440067249938815412725
608567533560988209308140172461073418686196922166321975809030529423717216868072332057767549283932982690022109058521314540
968751867970351973129064636509154616438310339790937259693197952807585909419925415421122541801104904628301315131170450741
122149259013916800593450272269650666877713077648113982005951196772678153919806985206609343539000142971784337491062248574
445952496274766537491305996755295328239353774577869397218427895953126133737948616419638786046879500609826745362180249465
082250534382053508970036312817385680582708159379539066007947710117553146976759769070145133340323408976243823203984204264
125697121953320024856290468775810432301172745364252932918492492729117300574580934161128030885627434682727997259927520539
222122569058412313262575165858064608022315830258207751187252249914210188370168320035939180373871109494298860928531680807
970224814154051174852587301131019775755898492719752334864174005390846005454475119608243877078576534061138151434310720442
091017912414334754700598574082580983340976720996324022839244982544593943736065454187287961445452476046706257107025938162
240356035299347374183888685386351776340731392127967394769642548771527124148310403969853178174637200408339458691205847540
309493209777291607058440710089593339805595692031224051932750081603276963100254137815630954900878471596277731872316176294
907238941816780312126669559914163061076833947782834160777113264117732865744941227227510123531864979301432280512399980245
493193707425046129510902338307334249036462315589635780261509755484380175712488706038723162848686512418813167758432129456
471254240056006674225334950652966146021896699883803379832572680082197827610111191538771266329656104620086125075375927409
263593956447881261635641737456548244103664140691042500637167416502253559356903659277751367759300871303646723935157066888
255927018081865887524173880465009354373889387330138957483182923346150487596899484755223438938246478354033101175043731395
088281226198845671307058104242183745961936862456375603614790804793506897788476271177346107854202379301740470251310425922
989667022677792020209073232599060836779570298597375242700021302831601289529747747217121667847176481501591731149849254938
113377554455359632758913503139082352464440558514288968409930747941348811364626030821771224724650066780450129280323506058
314809638972792379061319115345880446066673782650787332166099149797911097307647615062848363926531220212311915078908785401
454806251824355200240673463365116143721825421100893350765229299160359044319965680697465781748788217022755453072945082857
603772269285299821824816443287309798477553132705823505391495871638102460369688438847654739740408247107219966275244475150
317292398495097960559556537219808285704597219798647506176926382428550072597053759275337138646921845462663745690614028666
809861519116251510589763193257039435326976201460597150047561933434811870101292605569765408451175545743855907708735846278
849991868878793957839798889518299591078932976432805670796224252339019533833522766822762341972383847458467273853585096437
517336883924569981136562606179904899472671249421133692151663782844158490448582289057860503776176199961925363082977940852
700386031734704331690091550359491201493779371952159331913437159396248526597166095142732862268858468957042478036516444572
764182390066371431423253113745307018730039278248322812241825465664972668730651910038746467167039442174493795192816579494
765590040838079562069997538297886538372369873238790571544257848246998762600894967792262643622212237703709559297316691631
864674901466869685464915065641534975570024756405574073458591155200489261612770631375072122597107269497561890268296026648
954779062935296315566932639559581807484800728858172595737529841321655920340590102639518768663392887160008036560797594582
647845100536662194001774994641971291788081083114402460398244465954231465525027349974778608558032393306116795080483730174
307370090871540486776469971999452774396317588504341288062668720675966815300038574800950427678092609229313389587929121637
565161971243201258040010144617207243029073935658049962199372426082093591361042653950913975229415819979955186934748186555
868286396741401660567251129036732692723028432020177815653956892660711438062531610776092509872115864731253268858482814228
395177955451058139734173857270560813985694045526440928465501421676101564369644917194338863018588750365173554776181839953
487732887276917768058240214236146828249921527470233774279309049492127371824834983689653963979296261315916393430776609458
117346452534946018000023227016249671221369875013823061325711501964591398079388034132520812171247998481944093838151922372
456124136222946592675166796004389893146656190556697895741525771102543099431589421419807592626929078963714970458657496936
752424683490840494529407348042258624721641919450614141818999350882804550821671172074641257595447917321853345585762238313
402451145623762265418976594885187319752834695155275710239815774259926368100099245440888211642928026891418846508891037876
104705856724245484885798825492381783714736250580924847429222451806529022081895556337897530529033587090183988951735373033
064197454874587688588287613845743817629632204263653762913585634903815120805767097085382144433110764378013126695895916616
145166693001866968840090564129507939296556552753196903589979759056852347033714258105201272985920948519940654304524122851
232230923421864437744438175138127884338936788556629228866965050579034915474223000292315436317846652048101027199514285858
020100927954905705551399354617002678235388061532336691751100902548173142556047323422728433460287234867769499049351773981
488786955607507023228280999877028020867659442420569831575089796731058208442627914089968785054584646888670672482242192878
018514215275157818806250242116640959845088869259406910886058090346034497821650456771389065011881525236590264512289547439
880806829245731536743944715050504133307387033316102910973648549992496097234022472713507093385162436633192545659843400074
595420112190358983775557315783176450510985364058934483046233747788881122060557309617969300190132897729388183828691453511
387202830053767400671007431375994659968244420172295405937791967295353421303513084533366796112395342635041704624572431928
663686546208373306280387628687956158068311865394315597884188863010747929075585460220545662048151361476302749594755778606
252863065201311622241707136103253131623991256959179703794647195742912506219885246841732124297461023458793926535106528341
683112773847302432625582120620493377771610177020866656306029009877988412036548352147086496237730595717774979603482382142
352489820663974555091167012400574894563546816556997172024967428354465116659048782102332184499393443301739199148076853876
768966577171396225177341316568472755393284632830821072295583191732682152833317402829622744943104862878445725928121489129
069552865272782466066515395486316171269304328547410648592322475528782897293908892143574600694102505671636931715083628952
203777011911465993909454798994819863875310203915390602558815806332624046349328096640505544005745288607651942677909712817
641290458144539980564651817793002244608814851268916081556202974070809875623148355316719587360712303121830429339519188024
116766510898505357400687161976480721087428567134646661831641642749515831594316136501499610039065513540899355618839741438
548174997850217485944948988774198253959877932707892763140156055749268958711756336306635969840465664922156169467082942516
661471853172972075846430167037804542328885315202513756516470844980368918048205925853064702476979430283724391981341068590
029914605211885614783080803945815257057455062802164606467847586351986084973769984248906822345071618962994496079452833846
381773402019483744569252450518496685077526090346114783351946136867398834287339151356203545522552554637812242675506754114
